@#BAN1               4299018.1380   2283417.4628   4107629.5145            REF
@+BAN1              4299018.1380  2283417.4628  4107629.5145
@-TERK               -88989.0071    18983.3658    80168.8876
@=    0.3142   0.00001261   0.00000543   0.00000601   0.00000642   0.00000466   0.00001209
@#BAN1               4299018.1410   2283417.4635   4107629.5259            MEAN

@#BILE               4229802.5218   2439852.4754   4090382.2269            REF
@+BILE              4229802.5218  2439852.4754  4090382.2269
@-BURS                35545.5630   -74049.4171     5917.0732
@=    0.3698   0.00000122   0.00000054   0.00000071   0.00000059   0.00000041   0.00000106
@#BILE               4229802.5218   2439852.4754   4090382.2269            MEAN

@#BURS               4265348.0864   2365803.0596   4096299.3032            REF
@+BURS              4265348.0864  2365803.0596  4096299.3032
@-BAN1                33670.0571   -82385.5954    11330.2271
@=    0.4162   0.00000122   0.00000052   0.00000071   0.00000056   0.00000038   0.00000105
@#BURS               4265348.0864   2365803.0596   4096299.3037            MEAN

@#ISTA               4208830.3012   2334850.3012   4171267.2439            REF
@+ISTA              4208830.3012  2334850.3012  4171267.2439
@-TUBI                 2487.0626    43015.5596   -26603.9740
@=    0.3497   0.00000502   0.00000218   0.00000266   0.00000231   0.00000179   0.00000422

@+ISTA              4208830.3012  2334850.3012  4171267.2439
@-BAN1                90187.8256   -51432.8450   -63637.7388
@=    0.3050   0.00001970   0.00000852   0.00001387   0.00000830   0.00000653   0.00001863

@+ISTA              4208830.3012  2334850.3012  4171267.2439
@-BURS                56517.7590    30952.7456   -74967.9595
@=    0.3247   0.00002918   0.00001399   0.00001780   0.00001212   0.00000859   0.00001931

@+ISTA              4208830.3012  2334850.3012  4171267.2439
@-TERK                 1198.8144   -32449.4902    16531.1600
@=    0.2426   0.00003516   0.00001817   0.00001978   0.00001572   0.00001001   0.00002040

@+ISTA              4208830.3012  2334850.3012  4171267.2439
@-KARB                -1974.6420   -33308.0234    20235.1155
@=    0.3124   0.00000320   0.00000144   0.00000191   0.00000152   0.00000115   0.00000289

@+ISTA              4208830.3012  2334850.3012  4171267.2439
@-SILE               -29210.7453    40789.3120     6190.5539
@=    0.2949   0.00000318   0.00000147   0.00000192   0.00000157   0.00000120   0.00000293

@+ISTA              4208830.3012  2334850.3012  4171267.2439
@-IZMT               -19323.9467    79180.9363   -25252.4479
@=    0.2263   0.00000441   0.00000202   0.00000245   0.00000221   0.00000159   0.00000388

@+ISTA              4208830.3012  2334850.3012  4171267.2439
@-KCEK                16212.1515   -14057.6355    -8533.1795
@=    0.2418   0.00000247   0.00000110   0.00000153   0.00000122   0.00000090   0.00000231

@+ISTA              4208830.3012  2334850.3012  4171267.2439
@-PALA                 3458.6414    -3475.7974    -1501.5508
@=    0.2212   0.00000247   0.00000111   0.00000153   0.00000123   0.00000091   0.00000232

@+ISTA              4208830.3012  2334850.3012  4171267.2439
@-SLEE               -28002.6480    40256.1803     5363.9719
@=    0.2660   0.00000242   0.00000110   0.00000151   0.00000123   0.00000091   0.00000231

@+ISTA              4208830.3012  2334850.3012  4171267.2439
@-TUZL                 6411.6659    29902.7992   -23368.7852
@=    0.2494   0.00000246   0.00000111   0.00000152   0.00000124   0.00000091   0.00000229

@#IZMT               4189506.3748   2414031.2494   4146014.8176            REF 
@+IZMT              4189506.3748  2414031.2494  4146014.8176
@-BILE                40296.1394    25821.2218   -55632.5985
@=    0.2846   0.00000120   0.00000055   0.00000070   0.00000060   0.00000041   0.00000105
@#IZMT               4189506.3737   2414031.2490   4146014.8165            MEAN

@#KARB               4206855.6594   2301542.2776   4191502.3565            REF 
@+KARB              4206855.6594  2301542.2776  4191502.3565
@-SILE               -27236.1000    74097.3429   -14044.5504
@=    0.3097   0.00000117   0.00000052   0.00000070   0.00000058   0.00000041   0.00000110
@#KARB               4206855.6670   2301542.2827   4191502.3598            MEAN

@#KCEK               4225042.4556   2320792.6670   4162734.0653            REF 
@+KCEK              4225042.4556  2320792.6670  4162734.0653
@-TERK               -15013.3449   -18391.8488    25064.3261
@=    0.2592   0.00000119   0.00000051   0.00000071   0.00000056   0.00000039   0.00000109
@#KCEK               4225042.4629   2320792.6715   4162734.0744            MEAN

@#PALA               4212288.9518   2331374.5091   4169765.7022            MEAN

@#SILE               4179619.5696   2375639.6248   4177457.8136            REF 
@+SILE              4179619.5696  2375639.6248  4177457.8136
@-IZMT                 9886.8095    38391.6268   -31442.9938
@=    0.2426   0.00000118   0.00000053   0.00000070   0.00000059   0.00000041   0.00000109
@#SILE               4179619.5651   2375639.6216   4177457.8103            MEAN

@#SLEE               4180827.6649   2375106.4882   4176631.2274            MEAN

@#TERK               4210029.1262   2302400.8271   4187798.3987            REF 
@+TERK              4210029.1262  2302400.8271  4187798.3987
@-KARB                -3173.4572     -858.5431     3703.9611
@=    0.2667   0.00000118   0.00000051   0.00000070   0.00000056   0.00000039   0.00000108
@#TERK               4210029.1121   2302400.8183   4187798.3927            MEAN

@#TUBI               4211317.3809   2377865.8648   4144663.2792            REF 
@+TUBI              4211317.3809  2377865.8648  4144663.2792
@-BURS                54030.7088   -12062.8031   -48363.9710
@=    0.3643   0.00000124   0.00000057   0.00000073   0.00000060   0.00000043   0.00000106

@+TUBI              4211317.3809  2377865.8648  4144663.2792
@-TUZL                 3924.6111   -13112.7493     3235.2027
@=    0.2169   0.00000405   0.00000190   0.00000234   0.00000197   0.00000149   0.00000342

@+TUBI              4211317.3809  2377865.8648  4144663.2792
@-IZMT               -21811.0054    36165.3863     1351.5437
@=    0.2576   0.00000224   0.00000104   0.00000141   0.00000110   0.00000085   0.00000202

@+TUBI              4211317.3809  2377865.8648  4144663.2792
@-BILE                18485.1571    61986.6194   -54281.0360
@=    0.2924   0.00000232   0.00000107   0.00000144   0.00000116   0.00000087   0.00000209

@+TUBI              4211317.3809  2377865.8648  4144663.2792
@-PALA                  971.5862   -46491.3469    25102.4380
@=    0.2781   0.00000255   0.00000117   0.00000163   0.00000128   0.00000097   0.00000241

@+TUBI              4211317.3809  2377865.8648  4144663.2792
@-SILE               -31697.8002    -2226.2355    32794.5467
@=    0.2668   0.00000252   0.00000117   0.00000164   0.00000129   0.00000100   0.00000248

@+TUBI              4211317.3809  2377865.8648  4144663.2792
@-SLEE               -30489.7040    -2759.3696    31967.9601
@=    0.2639   0.00000251   0.00000116   0.00000161   0.00000128   0.00000097   0.00000241

@+TUBI              4211317.3809  2377865.8648  4144663.2792
@-KCEK                13725.0964   -57073.1849    18070.8093
@=    0.2769   0.00000264   0.00000119   0.00000169   0.00000130   0.00000100   0.00000248

@+TUBI              4211317.3809  2377865.8648  4144663.2792
@-BAN1                87700.7544   -94448.4002   -37033.7679
@=    0.2351   0.00002729   0.00001286   0.00001157   0.00001457   0.00000928   0.00001954

@#TUZL               4215241.9784   2364753.1072   4147898.4693            MEAN